图片编号:1
[259.808, 249.45]
[259.808, 297.45]
[393.808, 249.45]
[393.808, 297.45]
旋转矩阵:
[1, 0, 0;
 0, 1, 0;
 0, 0, 1]
欧拉角:[-1.5708, -0, 1.5708]
平移矩阵:
[8.2347786e-38;
 4.5678126e-41;
 8.2347786e-38]
相机中心坐标:
[-8.2347786e-38;
 -4.5678126e-41;
 -8.2347786e-38]
图片编号:4
[348.108, 219.087]
[348.108, 236.087]
[397.108, 219.087]
[397.108, 236.087]
旋转矩阵:
[1, 0, 0;
 0, 1, 0;
 0, 0, 1]
欧拉角:[-1.5708, -0, 1.5708]
平移矩阵:
[2.738895e-38;
 0;
 2.0091907e-38]
相机中心坐标:
[-2.738895e-38;
 0;
 -2.0091907e-38]
图片编号:2
[91.7253, 203.734]
[91.7253, 241.734]
[186.725, 203.734]
[186.725, 241.734]
旋转矩阵:
[1, 0, 0;
 0, 1, 0;
 0, 0, 1]
欧拉角:[1.5708, -0, 1.5708]
平移矩阵:
[1.7151893e-41;
 1.6437231e-41;
 1.6437231e-41]
相机中心坐标:
[-1.7151893e-41;
 -1.6437231e-41;
 -1.6437231e-41]
图片编号:3
[334.743, 198.671]
[334.743, 238.671]
[436.743, 198.671]
[436.743, 238.671]
旋转矩阵:
[1, 0, 0;
 0, 1, 0;
 0, 0, 1]
欧拉角:[1.5708, -0, 1.5708]
平移矩阵:
[8.2347786e-38;
 4.5678126e-41;
 8.2347786e-38]
相机中心坐标:
[-8.2347786e-38;
 -4.5678126e-41;
 -8.2347786e-38]
图片编号:6
[464.023, 68.1809]
[464.023, 99.1809]
[540.023, 68.1809]
[540.023, 99.1809]
旋转矩阵:
[1, 0, 0;
 0, 1, 0;
 0, 0, 1]
欧拉角:[0.123393, -0, 1.5708]
平移矩阵:
[3.0972373e-38;
 0;
 2.9577173e-38]
相机中心坐标:
[-3.0972373e-38;
 0;
 -2.9577173e-38]
