图片编号:1
[259.808, 249.45]
[259.808, 297.45]
[393.808, 249.45]
[393.808, 297.45]
旋转矩阵:
[0.9999999999999999, 5.403689827905193e-13, 1.750033203000606e-13;
 1.750033203001153e-13, -1.01413152110654e-13, -0.9999999999999999;
 -5.403689827905016e-13, 0.9999999999999999, -1.014131521107486e-13]
欧拉角:[1.5708, 5.40369e-13, 1.75003e-13]
平移矩阵:
[-0.09708005345664332;
 -0.07763454626068113;
 0.2455272534901195]
相机中心坐标:
[0.09708005345678956;
 -0.2455272534900749;
 -0.07763454626063923]
图片编号:4
[348.108, 219.087]
[348.108, 236.087]
[397.108, 219.087]
[397.108, 236.087]
旋转矩阵:
[1, -7.549771098957749e-12, -2.516229827451086e-12;
 -2.516229827465289e-12, -1.881100660559577e-12, -1;
 7.549771098953015e-12, 1, -1.881100660578573e-12]
欧拉角:[1.5708, -7.54977e-12, -2.51623e-12]
平移矩阵:
[-0.3302189394962652;
 -0.2518544711078526;
 0.6732728579675968]
相机中心坐标:
[0.3302189394905484;
 -0.6732728579705637;
 -0.251854471107417]
图片编号:2
[91.7253, 203.734]
[91.7253, 241.734]
[186.725, 203.734]
[186.725, 241.734]
旋转矩阵:
[1, -1.570117545699321e-12, -5.573407583503514e-13;
 -5.573407583499809e-13, 2.358726027714721e-13, -1;
 1.570117545699452e-12, 1, 2.358726027705971e-13]
欧拉角:[1.5708, -1.57012e-12, -5.57341e-13]
平移矩阵:
[-0.1516210902522292;
 -0.1178932484721071;
 0.3432575650557931]
相机中心坐标:
[0.1516210902516246;
 -0.3432575650560034;
 -0.1178932484722725]
图片编号:3
[334.743, 198.671]
[334.743, 238.671]
[436.743, 198.671]
[436.743, 238.671]
旋转矩阵:
[1, 1.130283755621574e-12, 4.124598905113129e-13;
 4.124598905123502e-13, -9.176491198146022e-13, -1;
 -1.130283755621195e-12, 1, -9.176491198150683e-13]
欧拉角:[1.5708, 1.13028e-12, 4.1246e-13]
平移矩阵:
[-0.1380826604835684;
 -0.1088405592893537;
 0.3202670115615208]
相机中心坐标:
[0.1380826604839753;
 -0.3202670115614646;
 -0.1088405592890029]
图片编号:6
[464.023, 68.1809]
[464.023, 99.1809]
[540.023, 68.1809]
[540.023, 99.1809]
旋转矩阵:
[1, 2.821607277842681e-12, 9.88923038321731e-13;
 9.889230383249191e-13, -1.129923762119897e-12, -1;
 -2.821607277841564e-12, 1, -1.129923762122687e-12]
欧拉角:[1.5708, 2.82161e-12, 9.88923e-13]
平移矩阵:
[-0.2006737421142789;
 -0.1518924832429061;
 0.4283067725177611]
相机中心坐标:
[0.2006737421156377;
 -0.4283067725173665;
 -0.1518924832422237]
