序号      俯仰角     偏航角      滚转角      位置（x ，y，z （mm））     距标定板上方圆的距离

1,       0           0正北            0              0,0,440                     1655
 
2 3 4         0             北偏西347     0                        -285  270    440       1470


5 6 7     0            北偏东  15度          0                    -590（左移为负）  540（镜头朝前为+）     440     1360


8,9,10    0                            0      -900,0,440                                        1970

 11  12  13 14   0    北偏西315    0                             450   545  440          1150


15  16 17                                       600 0  440           over     
